1523988109
1523988169
1523988229
1523988289
1523988349
1523988409
1523988469
1523988529
1523988589
1523988649
1523988709
1523988769
1523988829
1523988889
1523988949
1523989009
1523989069
1523989129
1523989189
1523989249
1523989309
1523989369
1523989429
1523989489
1523989549
1523989609
1523989669
1523989729
1523989789
1523989849
1523989909
1523989969
1523990029
1523990089
1523990149
1523990209
1523990269
1523990329
1523990389
1523990449
1523990509
1523990569
1523990629
1523990689
1523990749
1523990809
1523990869
1523990929
1523990989
1523991049
1523991109
1523991169
1523991229
1523991289
1523991349
1523991409
1523991469
1523991529
1523991589
1523991649
1523991709
1523991769
1523991829
1523991889
1523991949
1523992009
1523992069
1523992129
1523992189
1523992249
1523992309
1523992369
1523992429
1523992489
1523992549
1523992609
1523992669
1523992729
1523992789
1523992849
1523992909
1523992969
1523993029
1523993089
1523993149
1523993209
1523993269
1523993329
1523993389
1523993449
1523993509
1523993569
1523993629
1523993689
1523993749
1523993809
1523993869
1523993929
1523993989
1523994049
1523994109
1523994169
1523994229
1523994289
1523994349
1523994409
1523994469
1523994529
1523994589
1523994649
1523994709
1523994769
1523994829
1523994889
1523994949
1523995009
1523995069
1523995129
1523995189
1523995249
1523995309
1523995369
1523995429
1523995489
1523995549
1523995609
1523995669
1523995729
1523995789
1523995849
1523995909
1523995969
1523996029
1523996089
1523996149
1523996209
1523996269
1523996329
1523996389
1523996449
1523996509
1523996569
1523996629
1523996689
1523996749
1523996809
1523996869
1523996929
1523996989
1523997049
1523997109
1523997169
1523997229
1523997289
1523997349
1523997409
1523997469
1523997529
1523997589
1523997649
1523997709
1523997769
1523997829
1523997889
1523997949
1523998009
1523998069
1523998129
1523998189
1523998249
1523998309
1523998369
1523998429
1523998489
1523998549
1523998609
1523998669
1523998729
1523998789
1523998849
1523998909
